3.237343728542327881e-01
1.903455108404159546e-01
2.456683665513992310e-01
2.166181206703186035e-01
2.785563766956329346e-01
2.890550792217254639e-01
2.594361901283264160e-01
2.230711728334426880e-01
2.842037975788116455e-01
2.217262834310531616e-01
2.237380295991897583e-01
2.548051476478576660e-01
1.925653666257858276e-01
2.828505337238311768e-01
2.666736543178558350e-01
2.293596863746643066e-01
2.153253704309463501e-01
2.384752631187438965e-01
2.523435354232788086e-01
3.510713279247283936e-01
4.059786498546600342e-01
2.246995717287063599e-01
2.559538781642913818e-01
2.111211568117141724e-01
2.321122884750366211e-01
2.148250788450241089e-01
2.044707685708999634e-01
2.508927285671234131e-01
2.733043432235717773e-01
2.594340145587921143e-01
2.820062339305877686e-01
2.483743876218795776e-01
2.060964852571487427e-01
2.362456768751144409e-01
2.193292975425720215e-01
2.429399639368057251e-01
1.614094525575637817e-01
2.277044802904129028e-01
2.227063924074172974e-01
2.383970767259597778e-01
2.914987504482269287e-01
3.071329295635223389e-01
2.180393487215042114e-01
2.693126499652862549e-01
2.718198299407958984e-01
2.457818984985351562e-01
2.460677027702331543e-01
2.269491404294967651e-01
3.026706874370574951e-01
3.443234860897064209e-01
2.467306703329086304e-01
1.901036500930786133e-01
1.882735639810562134e-01
2.699046134948730469e-01
1.920911222696304321e-01
2.690795063972473145e-01
