1.032843068242073059e-02
1.792212203145027161e-02
5.611241981387138367e-02
1.311262976378202438e-02
1.535898167639970779e-02
5.110793188214302063e-02
1.177936885505914688e-02
1.762548834085464478e-02
1.498668547719717026e-02
2.800681442022323608e-02
1.641052775084972382e-02
1.372419949620962143e-02
2.639517746865749359e-02
1.697426103055477142e-02
1.196878403425216675e-02
6.955500692129135132e-03
3.538420796394348145e-02
1.445680577307939529e-02
1.665966585278511047e-02
5.376805365085601807e-02
2.394167147576808929e-02
1.446307543665170670e-02
2.563573606312274933e-02
2.945268154144287109e-02
2.381949312984943390e-02
3.743602335453033447e-02
2.005193009972572327e-02
1.687786541879177094e-02
1.492140069603919983e-02
5.171063542366027832e-02
2.917200140655040741e-02
1.524544507265090942e-02
1.896263286471366882e-02
1.189243886619806290e-02
1.487742085009813309e-02
7.213187962770462036e-02
3.082131594419479370e-02
2.530563436448574066e-02
2.327088452875614166e-02
1.973081193864345551e-02
1.630491390824317932e-02
1.506953686475753784e-02
1.698779128491878510e-02
2.754768542945384979e-02
4.467071220278739929e-02
2.082667872309684753e-02
2.579824440181255341e-02
9.268914349377155304e-03
2.229631878435611725e-02
1.594211347401142120e-02
